ISS (ZARYA)             
1 25544U 98067A   18310.66826507  .00002521  00000-0  45664-4 0  9992
2 25544  51.6417  28.6936 0004748  18.6309  74.5848 15.53912609140675
FLOCK 2E'-14            
1 41762U 98067KJ  18297.65813860  .04633274  12113-4  12191-2 0  9991
2 41762  51.6102  21.6904 0009509   2.2053 357.9008 16.27579428120651
FLOCK 2E'-15            
1 41764U 98067KL  18310.53559089  .01478307  16735-2  11834-2 0  9992
2 41764  51.6196 318.4359 0007147  64.1501 296.0251 16.14066231122607
TIANGONG-2              
1 41765U 16057A   18310.25214688  .00003662  00000-0  48791-4 0  9991
2 41765  42.7843 215.4331 0006688 174.8284 328.4080 15.59904860122203
FLOCK 2E'-18            
1 41769U 98067KM  18310.73700641  .05839820  12170-4  10421-2 0  9998
2 41769  51.6012 316.7522 0001778  96.0919 264.2406 16.31832669122641
BANXING-2               
1 41834U 16057H   18310.56158785  .00048551  00000-0  20468-3 0  9993
2 41834  42.7783 140.1492 0014534 263.9608 192.7663 15.84481048117135
ITF-2                   
1 41932U 98067KU  18310.09413305  .00144812  18945-4  44049-3 0  9992
2 41932  51.6268 323.0656 0006600  43.8559 316.2970 15.91727916103235
AOBA-VELOX 3            
1 41935U 98067KX  18305.47522705  .06673673  12387-4  58971-3 0  9997
2 41935  51.6243 332.8723 0002264  27.6675 118.1989 16.38373561102788
LEMUR-2-REDFERN-GOES    
1 42059U 98067LA  18310.49688838  .00254131  37554-4  53298-3 0  9991
2 42059  51.6296 321.9452 0007701  51.7384 308.4317 15.98413410 95770
LEMUR-2-TRUTNAHD        
1 42069U 98067LE  18310.69344701  .00846225  42835-3  74992-3 0  9994
2 42069  51.6213 314.7888 0008078  51.6302 308.5538 16.12276124 95862
HAVELSAT                
1 42700U 98067LH  18310.46741967  .00066026  00000-0  31658-3 0  9996
2 42700  51.6286 342.2447 0005342  53.8384 306.3112 15.82073426 84459
CXBN-2                  
1 42704U 98067LM  18310.46890197  .00067882  00000-0  33350-3 0  9992
2 42704  51.6314 343.8074 0004643  26.4298 333.6940 15.81542334 84350
PHOENIX                 
1 42706U 98067LP  18310.48416805  .00041746  00000-0  26322-3 0  9998
2 42706  51.6310 347.7051 0003191  18.7049 341.4068 15.76213599 84294
X-CUBESAT               
1 42707U 98067LQ  18310.47770843  .00086220  00000-0  37133-3 0  9991
2 42707  51.6294 340.7139 0005053  31.5824 328.5482 15.84252744 84378
QBEE50-LTU-OC           
1 42708U 98067LR  18310.48606429  .00068062  00000-0  33168-3 0  9999
2 42708  51.6290 343.1376 0003744  34.0439 326.0803 15.81721621 84305
ALTAIR PATHFINDER       
1 42711U 98067LS  18310.40441780  .00021728  00000-0  19089-3 0  9996
2 42711  51.6357   1.5134 0004390   6.1615 353.9435 15.68732993 83762
SHARC                   
1 42712U 98067LT  18310.41584602  .00049575  00000-0  37180-3 0  9991
2 42712  51.6364   1.6532 0003973  12.6174 347.4923 15.72100791 84000
ZA-AEROSAT              
1 42713U 98067LU  18310.51646318  .00040431  00000-0  27262-3 0  9998
2 42713  51.6346 351.6712 0003620  14.6300 345.4804 15.74684600 83903
CSUNSAT 1               
1 42715U 98067LW  18310.51282344  .00046312  00000-0  29296-3 0  9998
2 42715  51.6342 350.1618 0004949  11.1365 348.9744 15.76083550 83920
SPACECUBE               
1 42717U 98067LY  18310.46193405  .00070323  00000-0  34502-3 0  9998
2 42717  51.6250 343.6484 0004689  49.2293 310.9116 15.81557649 83373
HOOPOE                  
1 42718U 98067LZ  18310.50666156  .00157933  20320-4  49709-3 0  9991
2 42718  51.6258 335.6041 0006446  43.3618 316.7894 15.91030715 83481
NJUST-1                 
1 42722U 98067MB  18310.51918132  .00027744  00000-0  20282-3 0  9991
2 42722  51.6405 354.4364 0005934  50.3109  91.2249 15.72983397 82931
UNSW-ECO                
1 42723U 98067MC  18310.46054066  .00259456  37993-4  60106-3 0  9994
2 42723  51.6361 333.9210 0008284  47.4816 312.6891 15.96611272 83185
LILACSAT-1              
1 42725U 98067ME  18310.47893571  .00046094  00000-0  26277-3 0  9997
2 42725  51.6354 348.2433 0005380  31.8032  49.3826 15.78431819 82926
NSIGHT-1                
1 42726U 98067MF  18310.40330883  .00014332  00000-0  15195-3 0  9990
2 42726  51.6398   9.1259 0005598  44.6366 315.5079 15.64371941 82648
SNUSAT-1                
1 42727U 98067MG  18310.48126423  .00051651  00000-0  29519-3 0  9992
2 42727  51.6323 348.3494 0006829  24.7793 335.3535 15.78314162 82887
I-INSPIRE II            
1 42731U 98067ML  18310.29294668  .00396417  78172-4  75049-3 0  9993
2 42731  51.6304 332.6433 0008515  37.9341 322.2268 16.00122851 82964
POLYITAN-2-SAU          
1 42732U 98067MM  18310.32014477  .00095688  00000-0  41982-3 0  9992
2 42732  51.6310 342.7327 0006951  21.5239 338.6055 15.83805425 82839
SNUSAT-1B               
1 42733U 98067MN  18310.35767821  .00063700  00000-0  33626-3 0  9990
2 42733  51.6301 346.7848 0006956  19.0384 341.0876 15.79984449 82782
EXALTA-1                
1 42734U 98067MP  18310.52715801  .00882648  44215-3  96998-3 0  9991
2 42734  51.6209 328.7280 0008693  44.6163 315.5802 16.09035682 82986
BEEAGLESAT              
1 42736U 98067MR  18310.35034715  .00046604  00000-0  28605-3 0  9997
2 42736  51.6321 350.5260 0006467  39.5460 320.6011 15.76755574 82794
ASTERIA                 
1 43020U 98067NH  18310.40893542  .00020738  00000-0  23212-3 0  9990
2 43020  51.6433  18.2412 0002769 358.1015   1.9968 15.62675975 54700
DELLINGR (RBLE)         
1 43021U 98067NJ  18310.42201921  .00009246  00000-0  12065-3 0  9992
2 43021  51.6411  22.0239 0002419 348.7227  11.3711 15.59476281 54659
OSIRIS-3U               
1 43027U 98067NL  18310.39823996  .00067944  00000-0  44721-3 0  9999
2 43027  51.6375   6.0139 0004988 357.7713   2.3263 15.75013632 54745
1KUNS-PF                
1 43466U 98067NP  18310.45667529  .00017092  00000-0  22202-3 0  9990
2 43466  51.6412  25.9956 0000889 353.9238   6.1744 15.58920189 27861
UBAKUSAT                
1 43467U 98067NQ  18310.43421199  .00012925  00000-0  17565-3 0  9996
2 43467  51.6405  26.5977 0002592 314.6201  45.4580 15.57970453 27863
BATSU-CS1 (IRAZU)       
1 43468U 98067NR  18310.41768716  .00021348  00000-0  26801-3 0  9996
2 43468  51.6408  25.7353 0000862 352.0395   8.0584 15.59656911127855
SOYUZ-MS 09             
1 43493U 18051A   18309.58252505  .00001661  00000-0  32590-4 0  9998
2 43493  51.6417  34.1034 0004590  16.1305 119.3443 15.53902875 23665
PROGRESS-MS 09          
1 43537U 18058A   18309.58252505  .00001661  00000-0  32590-4 0  9994
2 43537  51.6417  34.1034 0004590  16.1305 119.3443 15.53902875 18455
CUBERRT                 
1 43546U 98067NU  18310.20189779  .00031955  00000-0  43932-3 0  9995
2 43546  51.6410  29.5354 0006320   7.9253 352.1838 15.56973617 17936
TEMPEST-D               
1 43547U 98067NV  18309.85097286  .00004133  00000-0  65938-4 0  9995
2 43547  51.6406  31.6887 0006106   8.7350 351.3746 15.55675230 17552
RAINCUBE                
1 43548U 98067NW  18309.83315698  .00014254  00000-0  20408-3 0  9991
2 43548  51.6406  31.5704 0006248  15.5080 344.6102 15.56448550 18009
HALOSAT                 
1 43549U 98067NX  18310.47580667  .00013642  00000-0  19553-3 0  9993
2 43549  51.6409  28.3635 0006249  20.0393 340.0843 15.56461172 17667
1998-067NY              
1 43550U 98067NY  18309.79618878  .00020801  00000-0  28323-3 0  9994
2 43550  51.6400  31.3215 0005279  27.2008 332.9260 15.57499497 18028
ENDUROSAT ONE           
1 43551U 98067NZ  18309.61233655  .00015144  00000-0  21205-3 0  9998
2 43551  51.6402  32.3451 0006796  21.7106 338.4173 15.56992407 17949
EQUISAT                 
1 43552U 98067PA  18310.19833594  .00014100  00000-0  19979-3 0  9998
2 43552  51.6407  29.5108 0007054  25.0344 335.0988 15.56735406 17997
1998-067PB              
1 43553U 98067PB  18310.52823804  .00009858  00000-0  14330-3 0  9999
2 43553  51.6414  27.9683 0007192  27.0627 333.0738 15.56451779 18096
1998-067PC              
1 43554U 98067PC  18309.60837787  .00015524  00000-0  21653-3 0  9995
2 43554  51.6404  32.3203 0006938  22.1853 337.9438 15.57073350 17486
AEROCUBE 12A            
1 43556U 18046C   18309.91376427  .00001866  00000-0  80138-4 0  9997
2 43556  51.6432  54.2795 0008219 350.5327   9.5497 15.27978877 17185
AEROCUBE 12B            
1 43557U 18046D   18309.71871651  .00001420  00000-0  64138-4 0  9993
2 43557  51.6430  55.2267 0008227 349.9241  10.1572 15.27934455 17103
LEMUR-2-VU              
1 43558U 18046E   18310.55484427  .00003712  00000-0  14552-3 0  9999
2 43558  51.6433  51.0630 0007701 353.9845   6.1041 15.28252533 17271
LEMUR-2-ALEXANDER       
1 43559U 18046F   18309.70432922  .00003421  00000-0  13511-3 0  9999
2 43559  51.6428  55.1348 0007643 350.7345   9.3492 15.28251430 16923
LEMUR-2-TOMHENDERSON    
1 43560U 18046G   18310.49142556  .00003785  00000-0  14824-3 0  9991
2 43560  51.6429  51.3863 0008219   7.6878 352.4226 15.28225740 17265
LEMUR-2-YUASA           
1 43561U 18046H   18310.49093688  .00004425  00000-0  17099-3 0  9992
2 43561  51.6429  51.3835 0008257   7.7871 352.3235 15.28254893 16822
SIRIUSSAT-1             
1 43595U 98067PG  18310.19885220  .00014757  00000-0  21500-3 0  9999
2 43595  51.6405  30.2563 0003971 350.7513   9.3405 15.55948199 12833
SIRIUSSAT-2             
1 43596U 98067PH  18310.52753113  .00012039  00000-0  17766-3 0  9992
2 43596  51.6416  28.7100 0004636 353.9668   6.1267 15.55804298 12887
TANUSHA-3               
1 43597U 98067PJ  18309.81362671  .00016475  00000-0  23788-3 0  9997
2 43597  51.6393  32.1758 0004218   3.2759 356.8259 15.56094829 12778
1998-067PK              
1 43598U 98067PK  18310.20099827  .00017167  00000-0  24780-3 0  9995
2 43598  51.6396  30.2653 0004456   2.8604 357.2413 15.56068505 12839
HTV-7 (KOUNOTORI 7)     
1 43630U 18073A   18309.58252505  .00001661  00000-0  32590-4 0  9995
2 43630  51.6417  34.1034 0004590  16.1305 119.3443 15.53902875  6827
1998-067PN              
1 43638U 98067PN  18309.60797235  .00008179  00000-0  12755-3 0  9992
2 43638  51.6409  33.8134 0002916 343.6460  16.4437 15.54797572  4659
1998-067PP              
1 43639U 98067PP  18309.60532615  .00010708  00000-0  16354-3 0  9992
2 43639  51.6409  33.7956 0005870 341.5625  18.5152 15.54992110  4666
STARS-ME                
1 43640U 98067PQ  18310.11967007  .00010570  00000-0  16177-3 0  9999
2 43640  51.6412  31.2313 0005925 341.6931  18.3846 15.54950707  4747
